D8
00
01
68
02
1C
EE
DD
DF
02
01
01
42
00
00
00
00
00
00
00
42
00
00
00
00
00
00
00
01
04
0B
00
00
00
0C
4B
00
00
00
4B
00
00
00
05
00
0F
03
00
00
00
03
00
00
00
03
00
00
00
01
00
00
00
00
00
00
00
00
00
00
00
00
00
00
00
00
00
02
40
00
20
00
02
C3
78
09
00
00
01
06
09
3D
00
02
09
3D
03
06
09
3D
00
01
09
3B
00
06
09
3D
00
02
09
3D
02
02
09
3D
04
02
09
3D
01
02
09
3D
00
01
09
3B
00
00
00
40
FF
00
00
00
00
00
0F
00
00
00
00
00
01
00
00
00
00
00
00
00
00
00
00
00
00
00
00
00
00
00
00
00
00
00
00
00
00
00
00
00
00
00
00
00
00
00
01
01
01
01
00
00
00
00
88
00
00
00
00
80
00
00
00
01
00
00
00
00
00
00
00
00
00
00
00
01
00
00
02
00
00
01
00
00
03
00
00
00
00
00
30
38
30
38
2D
30
32
41
00
00
00
00
22
00
00
00
00
80
00
00
00
00
00
11
00
00
00
00
C8
00
00
00
00
40
6A
00
00
00
00
D8
00
00
00
00
9A
10
00
00
00
70
B9
00
00
00
00
9A
10
00
00
00
C0
93
00
1F
00
00
00
00
00
00
00
00
00
00
00
00
00
00
00
00
00
00
00
00
00
00
00
00
00
00
00
00
00
00
00
00
00
00
00
00
00
00
00
00
00
13
22
0C
0B
07
3F
17
2C
08
07
07
3F
00
00
00
00
30
03
00
00
00
00
80
21
01
01
0F
03
19
19
00
E8
03
00
00
0C
00
00
00
35
05
00
02
00
01
01
00
1F
01
1F
2F
00
0E
0E
00
01
01
00
DB
02